# LOW                HIGH                9.25_COUNT          9.5_COUNT           9.75_COUNT          10_COUNT            10.25_COUNT         10.5_COUNT         10.75_COUNT        11_COUNT            11.25_COUNT         11.5_COUNT         
  0.0                0.02                5.642750373692078   5.148713826366559   4.641959463072892   4.416821401554226   3.845026791694575   2.34897656629583   1.0843140388805235 0.34539661675620076 0.1463522394654001  0.11053932041540492
  0.02               0.04                4.58395615346288    4.007234726688103   3.7141023584148884  3.619077092359535   3.4169876088412594  2.5819432159364135 1.4889339401229842 0.641144702251686   0.23747721875517755 0.08267226484849612
  0.04               0.06                3.4504235176880917  2.845659163987138   2.5776779506925505  2.57375696306994    2.4792782987273947  1.9048449588259475 1.1848381099792222 0.6075694365070294  0.28349993556819647 0.1384063759823137 
  0.06               0.08                2.6469855505729947  2.2990353697749195  2.1391518263008718  2.1164294065057425  1.9444909578030813  1.4644507842379997 0.9724336919673275 0.5404189050177164  0.2687726661880304  0.10682371300648374
  0.08               0.1                 2.3729446935724963  2.037781350482315   1.9225627038879085  1.7158379753799602  1.5509879437374416  1.24020481132193   0.8184930642596969 0.4646959652531718  0.24253971760460963 0.1123971241198655 
  0.1                0.12000000000000001 1.9992526158445443  1.8609324758842443  1.6631905449489277  1.585172959218761   1.3762139986604154  1.0545789781858501 0.7352137082867165 0.43790718939307355 0.22367040371127186 0.0984635963364111 
  0.12               0.13999999999999999 1.9867962132536123  1.780546623794212   1.5883202310283973  1.5060862389106664  1.3008623576691227  1.014090121964893  0.717548390353054  0.4164761687049949  0.23839767309143792 0.10032140004087169
  0.14               0.16                1.862232187344295   1.80064308681672    1.5642547729825125  1.3410356921807305  1.0549229738780979  0.9194084889558858 0.672543889903009  0.42147674019887993 0.24207949043647944 0.10125030189310198
  0.16               0.18                1.8497757847533634  1.5233118971061093  1.4332317236215841  1.282580290213878   1.0360850636302747  0.8521346970810648 0.6885267966048941 0.43469253628986176 0.24207949043647944 0.1123971241198655 
  0.18               0.19999999999999998 1.5570503238664675  1.5916398713826365  1.4252099042729558  1.2705453545148202  1.0277126590756867  0.8309559107501028 0.6422604877310161 0.4468367813464396  0.2761363008781134  0.13097516116447136
  0.2                0.22                1.2580966616841056  1.5795819935691318  1.3369698914380448  1.2275634413038994  0.9502679169457469  0.8166290847026871 0.6952564415320036 0.4821979654817694  0.2788976638868946  0.14212198339123489
  0.22               0.24                1.2394120577977081  1.2781350482315113  1.3637092892668057  1.1811429750361049  0.9303834561286002  0.825349761427201  0.6620288197044003 0.49184192479140476 0.30421015813405494 0.16441562784476194
  0.24               0.26                1.3577478824115596  1.2781350482315113  1.280817155997647   1.1003369781995738  0.9743385800401876  0.7842379997259216 0.6986212639955585 0.49612812892902053 0.31525561016917947 0.14955319820907723
  0.26               0.28                1.339063278525162   1.2258842443729903  1.2193165409914968  1.2275634413038994  0.901080040187542   0.7798776613636647 0.6897886050287272 0.5314893130643502  0.335965832735038   0.1820647630371375 
  0.28               0.30000000000000004 1.283009466865969   1.3464630225080385  1.3236001925236645  1.0900213190289527  0.9429420629604823  0.8241039504665562 0.7474111897171025 0.5775660075437193  0.38935218423813994 0.1829936648893678 
  0.3                0.32                1.0276532137518686  1.2459807073954983  1.2193165409914968  1.0212502578914793  0.8508456128600135  0.780500566843987  0.6977800583796697 0.5832809463938736  0.43077262936985694 0.2127185241607372 
  0.32               0.34                1.0712506228201295  1.0811897106109325  1.1123589496764532  1.0504779588749056  0.8968938379102479  0.7948273928914026 0.7482523953329913 0.6211424162761459  0.4165055871578211  0.2851728686347001 
  0.34               0.36000000000000004 0.9653712007972098  1.1535369774919613  1.1845553238141078  1.0556357884602159  0.9617799732083055  0.8216123285452664 0.785686045240038  0.6475740084581095  0.4777158005191362  0.2833150649302395 
  0.36               0.38                0.9155455904334828  1.0409967845659163  1.1177068292422054  1.053916511931779   0.9418955123911589  0.7537156311901232 0.7915744845512588 0.7007943765001715  0.5172953369783325  0.32418674642837236
  0.38               0.4                 0.766068759342302   1.085209003215434   1.0829456120648162  0.9524791967540059  0.860264567983925   0.8184978011436544 0.8142870361802536 0.7379414790261745  0.5536532832606174  0.40500120757240793
  0.4                0.42000000000000004 0.8283507722969606  0.9485530546623794  1.0642280335846837  1.0023382160786742  0.9251507032819827  0.880788349175896  0.8483558636237455 0.7822322551148704  0.6213066769757551  0.43008155758262584
  0.42               0.44                0.8221225710014948  0.9083601286173633  1.0294668164072944  0.9129358365999588  0.958640321500335   0.9299978821213668 0.9211201493981174 0.8483112355697795  0.6604259862668213  0.5155405279878128 
  0.44               0.46                0.7224713502740409  0.8038585209003215  0.9706401411840205  1.0023382160786742  0.8822421299397187  0.9256375437591099 0.9307940139808373 0.8943879300491485  0.7253180169731779  0.5842792650528545 
  0.46               0.48000000000000004 0.6975585450921774  0.8561093247588424  0.9305310444408792  0.962794855924627   0.9188713998660416  0.9231459218378203 0.9678070610799397 0.9976140130300607  0.7856077759982327  0.6846006650937262 
  0.48               0.5                 0.809666168410563   0.7154340836012861  0.9171613455264988  0.8561997111615433  0.9178248492967181  0.906327473869115  0.9833693649738805 0.9754686249857127  0.8730509379429686  0.7728463410556041 
  0.5                0.52                0.7224713502740409  0.7596463022508038  0.8182255735600834  0.839006945877175   0.8948007367716009  0.9474392355703944 1.0573954591720853 1.1019116470453767  1.0166418143995877  0.9344752633436751 
  0.52               0.54                0.57299451918286    0.7154340836012861  0.8075298144285791  0.839006945877175   0.907359343603483   1.0253024206106964 1.0637045012912505 1.1172705452051663  1.0557611236906537  0.9976405892953351 
  0.54               0.56                0.5480817140009966  0.7516077170418006  0.7219637413765442  0.8458840519909222  0.8445663094440724  0.999140390437155  1.1410954179530102 1.2104954851983085  1.1234145174057915  1.2168614264216844 
  0.56               0.5800000000000001  0.3799202790234181  0.6672025723472669  0.6658110059361463  0.7977443091946909  0.8780559276624247  1.0109755945632808 1.1898853436745542 1.2655017716310437  1.2605622135085877  1.3199695320192468 
  0.58               0.6                 0.48579970104633785 0.562700964630225   0.6604631263703942  0.75476239598377    0.8696835231078367  1.0053694452403792 1.1726406285488362 1.2808606697908334  1.2936985696139613  1.5717019339736564 
  0.6                0.62                0.336322869955157   0.542604501607717   0.6069843307128724  0.6911491644316072  0.745144005358339   0.9804532260274825 1.159181338694617  1.3422962624299921  1.4225621766904144  1.5670574247125049 
  0.62               0.64                0.4110612855007474  0.45016077170418    0.5454837157067223  0.6155009971803865  0.7420043536503684  0.9623889670981325 1.1558165162310623 1.3758715281746488  1.409675815982769   1.7816337525777026 
  0.64               0.66                0.4110612855007474  0.47025723472668807 0.5428097759238462  0.5931504023107077  0.7566560616208976  0.9854364698700618 1.286623989501754  1.4473082638015775  1.6301246295171297  1.9488360859791556 
  0.66               0.68                0.28649725959143    0.40192926045016075 0.4732873415690679  0.5415721064576027  0.796424983255191   0.9380956533655582 1.171378820125003  1.4355212024231343  1.6204598589863957  2.0054990989652035 
  0.68               0.7000000000000001  0.3487792725460887  0.3697749196141479  0.45189582330605915 0.5811154666116498  0.69176992632284    0.9412101807671703 1.162966763966116  1.4240913247228255  1.6338064468621711  2.0082858045218943 
  0.7000000000000001 0.7200000000000001  0.31763826606875933 0.34163987138263663 0.42248248569442215 0.5862732961969603  0.6718854655056933  0.9138023396329841 1.212597895303549  1.458738141501886   1.7083632480992617  2.0630910138034815 
  0.72               0.74                0.2491280518186348  0.2934083601286173  0.32087277394513075 0.4280998555807716  0.6467682518419291  0.8770509162939615 1.0817904220328574 1.3998028346096698  1.6710848474807163  1.9423337730135435 
  0.74               0.76                0.28026905829596416 0.30144694533762056 0.3075030750307503  0.3799601127845403  0.6132786336235767  0.8907548368610546 1.1326833617941232 1.386587038518688   1.674766664825758   1.9785609452505248 
  0.76               0.78                0.143248629795715   0.2170418006430868  0.32354671372800686 0.38339866584141397 0.5703700602813129  0.810400029899463  1.0342623047351465 1.358369527946051   1.6397894000478634  1.893101974845338  
  0.78               0.8                 0.23667164922770306 0.18890675241157556 0.3181988341622547  0.4263805790523348  0.5159494306764904  0.8066625970175285 1.043515566509922  1.325508629557664   1.616317814473224   1.7491221877496423 
  0.8                0.8200000000000001  0.18061783756851021 0.23311897106109322 0.208567303064335   0.34729385874424046 0.5190890823844608  0.7219474516936799 0.9842105705897692 1.2515716081837926  1.5127667016439315  1.569844130269196  
  0.8200000000000001 0.8400000000000001  0.09965122072745392 0.18890675241157556 0.2620460987218568  0.35760951791486145 0.5222287340924314  0.7630592133949594 1.0086055334505413 1.2208538118642132  1.4202610408497633  1.5726308358258867 
  0.84               0.86                0.1868460388639761  0.1527331189710611  0.2139151826300872  0.2939962863626986  0.45629604822505027 0.6939167050791712 0.9429914954112233 1.1765630357755172  1.336499696250069   1.373845839448604  
  0.86               0.88                0.1245640259093174  0.12861736334405144 0.1764800256698219  0.2939962863626986  0.5442062960482251  0.6908021776775591 0.91943773816634   1.0944107898045492  1.2324883562526463  1.228937150500678  
  0.88               0.9                 0.10587942202291978 0.1607717041800643  0.2058933632814589  0.2578914792655251  0.47618050904219694 0.7238161681346472 0.8462528495840238 1.0097582580866387  1.1648349625375085  1.0933174800750554 
  0.9                0.92                0.08719481813652218 0.10048231511254019 0.19787154393283063 0.2939962863626986  0.45629604822505027 0.6702462968269194 0.831952354113916  0.967253400388616   1.122494063069531   0.9744180429895778 
  0.92               0.9400000000000001  0.09342301943198805 0.11655948553054661 0.17380608588694582 0.28196135066364075 0.4374581379772271  0.6795898790317557 0.8311111484980274 0.9947565436049836  1.0796929364334236  0.98184925780742   
  0.9400000000000001 0.9600000000000001  0.09965122072745392 0.12459807073954983 0.17915396545269802 0.24241799050959356 0.46257535164099134 0.6789669735514332 0.8740126349083506 0.9901131557892331  0.9927100016568178  0.9799914541029595 
  0.96               0.98                0.143248629795715   0.09244372990353697 0.1550885074068132  0.3094697751186301  0.5431597454789016  0.8459056422778407 0.9926226267486561 1.0894102183106642  1.1763406417407631  0.9753469448418081 
  0.98               1.0                 0.09342301943198805 0.22508038585209    0.41713460612867    0.8940237947871535  1.5918034159410583  2.660429306457038  3.7160258081882955 5.150588638701566   7.098543841240035   7.858509669868282  
  1.0                1.02                0.0                 0.0                 0.0                 0.0                 0.0                 0.0                0.0                0.0                 0.0                 0.0                
  1.02               1.04                0.0                 0.0                 0.0                 0.0                 0.0                 0.0                0.0                0.0                 0.0                 0.0                
